n=4

normal [(0, 1), (0, 2), (0, 3), (1, 2), (1, 3), (2, 3)]

mieux [(0, 2), (1, 3), (0, 1), (2, 3), (1, 2)] --> difference {rearangé et -(0, 3)}


n=6

normal [(0, 1), (0, 2), (0, 3), (0, 4), (0, 5), (1, 2), (1, 3), (1, 4), (1, 5), (2, 3), (2, 4), (2, 5), (3, 4), (3, 5), (4, 5)]
 
mieux [(0, 6), (1, 3), (2, 4), (1, 2), (3, 4), (0, 3), (2, 6), (0, 1), (2, 3), (4, 5), (1, 2), (3, 5)] 
--> 3 cables en moins
--> mais 6 combinaisons de cables non utilisée [(0, 2), (0, 4), (0, 5), (1, 4), (1, 5), (2, 5)]